Width: 1.100000e+01
Height: 1.500000e+01
X-coordinate: 9.000000e+00
Y-coordinate: 0.000000e+00
Best width: 1.300000e+01
Best height: 1.100000e+01
